run_id: 20251004-161656
machine_id: machine-1-1
timestamp: 2025-10-04 16:16:56
metrics:
  {
    "adaptive_threshold_last": 0.22952091693878174,
    "adaptive_threshold_mean": 0.39417480939157973,
    "adaptive_threshold_std": 2.3166157940528125,
    "best_f1": 0.40871644557148445,
    "best_precision": 0.7193638914806422,
    "best_recall": 0.28544914624986845,
    "best_threshold": 0.3070140500823637,
    "f1": 0.8208409457978426,
    "point_f1": 0.13986754558099465,
    "point_precision": 0.24421831637146887,
    "point_recall": 0.09799554565665183,
    "precision": 0.6961240310059532,
    "recall": 0.9999999999962881
  }
=
run_id: machine-2-1-eval
machine_id: machine-2-1
timestamp: 2025-10-04 16:32:48
metrics:
  {
    "adaptive_threshold_last": 0.5726009607315063,
    "adaptive_threshold_mean": 0.5118774449260949,
    "adaptive_threshold_std": 0.4551874531180762,
    "best_f1": 0.29686829186582436,
    "best_precision": 0.298018949179173,
    "best_recall": 0.2957264957239682,
    "best_threshold": 0.5866545111373282,
    "f1": 0.5652173872467969,
    "point_f1": 0.08811640568493445,
    "point_precision": 0.08358895705457371,
    "point_recall": 0.09316239316159691,
    "precision": 0.39393939393806754,
    "recall": 0.9999999999914531
  }
